level multiplicity entropy signed
-1.000688046 4 1.99974742 0
-0.9957472469 4 1.999837451 0
-0.9908064474 4 1.999885755 0
-0.985865648 4 1.999914556 0
-0.9809248486 4 1.999933059 0
-0.9759840492 4 1.999945587 0
-0.9710432497 4 1.999954422 0
-0.9661024503 4 1.999960838 0
-0.9611616509 4 1.999965614 0
-0.9562208514 4 1.999969231 0
-0.951280052 4 1.999972009 0
-0.9463392526 4 1.999974161 0
-0.9413984532 4 1.999975838 0
-0.9364576537 4 1.999977149 0
-0.9315168543 4 1.99997817 0
-0.9265760549 4 1.999978958 0
-0.9216352554 4 1.999979559 0
-0.916694456 4 1.999980009 0
-0.9117536566 4 1.999980332 0
-0.9068128572 4 1.999980548 0
-0.9018720577 4 1.999980675 0
-0.8969312583 4 1.999980727 0
-0.8919904589 4 1.999980712 0
-0.8870496594 4 1.999980642 0
-0.88210886 4 1.999980523 0
-0.8771680606 4 1.999980362 0
-0.8574048629 8 2.669559891 0
-0.8524640634 8 2.743081562 0
-0.847523264 8 2.787268663 0
-0.8425824646 8 2.818011734 0
-0.8376416652 8 2.84101153 0
-0.8327008657 8 2.858999371 0
-0.8277600663 8 2.873503327 0
-0.8228192669 8 2.885464153 0
-0.8178784674 8 2.895502237 0
-0.7981152697 12 3.204870787 0
-0.7931744703 12 3.305972799 0
-0.7882336709 12 3.360304689 0
-0.7832928714 12 3.395593031 0
-0.778352072 12 3.420753963 0
-0.7734112726 12 3.43975463 0
-0.7684704732 12 3.454681579 0
-0.7635296737 12 3.466754997 0
-0.7585888743 12 3.476742336 0
-0.7536480749 12 3.485153066 0
-0.7487072754 12 3.492340257 0
-0.743766476 12 3.498557209 0
-0.7388256766 12 3.503990475 0
-0.7338848772 12 3.508780947 0
-0.7289440777 12 3.513036972 0
-0.7240032783 12 3.516843635 0
-0.7190624789 12 3.520268542 0
-0.7141216794 12 3.523366195 0
-0.70918088 12 3.526181095 0
-0.7042400806 12 3.528749894 0
-0.6992992812 12 3.531103129 0
-0.6943584817 12 3.533266384 0
-0.6894176823 12 3.535261397 0
-0.6844768829 12 3.537106584 0
-0.6795360834 12 3.538817821 0
-0.674595284 12 3.540408817 0
-0.6696544846 12 3.541891352 0
-0.6647136852 12 3.543275861 0
-0.6597728857 12 3.544571345 0
-0.6548320863 12 3.545785837 0
-0.6498912869 12 3.546926335 0
-0.6449504874 12 3.547999111 0
-0.640009688 12 3.549009764 0
-0.6350688886 12 3.549963233 0
-0.6301280892 12 3.550864011 0
-0.6251872897 12 3.551716063 0
-0.6202464903 12 3.55252302 0
-0.6153056909 12 3.553288167 0
-0.6103648914 12 3.554014439 0
-0.605424092 12 3.554704511 0
-0.6004832926 12 3.555360864 0
-0.5955424931 12 3.555985689 0
-0.5906016937 12 3.556581064 0
-0.5856608943 12 3.557148829 0
-0.5807200949 12 3.557690703 0
-0.5757792954 12 3.558208271 0
-0.570838496 12 3.558702977 0
-0.5658976966 12 3.559176157 0
-0.5609568971 12 3.559629043 0
-0.5560160977 12 3.560062794 0
-0.5510752983 12 3.560478449 0
-0.5461344989 12 3.560877002 0
-0.5411936994 12 3.561259372 0
-0.5362529 12 3.561626395 0
-0.5313121006 12 3.561978867 0
-0.5263713011 12 3.562317533 0
-0.5214305017 12 3.562643066 0
-0.5164897023 12 3.562956125 0
-0.5115489029 12 3.563257302 0
-0.5066081034 12 3.563547165 0
-0.501667304 12 3.56382624 0
-0.4967265046 12 3.564095023 0
-0.4917857051 12 3.564353977 0
-0.4868449057 12 3.56460354 0
-0.4819041063 12 3.564844131 0
-0.4769633069 12 3.565076127 0
-0.4720225074 12 3.5652999 0
-0.467081708 12 3.565515795 0
-0.4621409086 12 3.565724126 0
-0.4572001091 12 3.565925218 0
-0.4522593097 12 3.566119346 0
-0.4473185103 12 3.566306786 0
-0.4423777109 12 3.566487809 0
-0.4374369114 12 3.566662645 0
-0.432496112 12 3.566831544 0
-0.4275553126 12 3.566994712 0
-0.4226145131 12 3.567152363 0
-0.4176737137 12 3.567304699 0
-0.4127329143 12 3.567451912 0
-0.4077921149 12 3.567594164 0
-0.4028513154 12 3.56773165 0
-0.397910516 12 3.567864505 0
-0.3929697166 12 3.567992915 0
-0.3880289171 12 3.568117006 0
-0.3830881177 12 3.568236919 0
-0.3781473183 12 3.568352791 0
-0.3732065189 12 3.568464746 0
-0.3682657194 12 3.568572917 0
-0.36332492 12 3.568677403 0
-0.3583841206 12 3.568778325 0
-0.3534433211 12 3.568875789 0
-0.3485025217 12 3.56896989 0
-0.3435617223 12 3.569060724 0
-0.3386209229 12 3.569148386 0
-0.3336801234 12 3.569232961 0
-0.328739324 12 3.569314537 0
-0.3237985246 12 3.569393192 0
-0.3188577251 12 3.569469001 0
-0.3139169257 12 3.569542038 0
-0.3089761263 12 3.569612373 0
-0.3040353269 12 3.569680073 0
-0.2990945274 12 3.569745208 0
-0.294153728 12 3.569807831 0
-0.2892129286 12 3.569868001 0
-0.2842721291 12 3.569925787 0
-0.2793313297 12 3.569981225 0
-0.2743905303 12 3.570034377 0
-0.2694497309 12 3.570085289 0
-0.2645089314 12 3.570134007 0
-0.259568132 12 3.570180583 0
-0.2546273326 12 3.570225055 0
-0.2496865331 12 3.570267465 0
-0.2447457337 12 3.570307849 0
-0.2398049343 12 3.570346249 0
-0.2348641348 12 3.570382706 0
-0.2299233354 12 3.570417247 0
-0.224982536 12 3.57044991 0
-0.2200417366 12 3.570480714 0
-0.2151009371 12 3.570509705 0
-0.2101601377 12 3.570536902 0
-0.2052193383 12 3.57056234 0
-0.2002785388 12 3.570586043 0
-0.1953377394 12 3.570608026 0
-0.19039694 12 3.570628326 0
-0.1854561406 12 3.570646955 0
-0.1805153411 12 3.570663938 0
-0.1755745417 12 3.570679301 0
-0.1706337423 12 3.570693053 0
-0.1656929428 12 3.57070522 0
-0.1607521434 12 3.570715819 0
-0.155811344 12 3.57072486 0
-0.1508705446 12 3.57073236 0
-0.1459297451 12 3.570738333 0
-0.1409889457 12 3.570742795 0
-0.1360481463 12 3.570745758 0
-0.1311073468 12 3.57074723 0
-0.1261665474 12 3.570747224 0
-0.121225748 12 3.570745755 0
-0.1162849486 12 3.570742821 0
-0.1113441491 12 3.570738434 0
-0.1064033497 12 3.570732606 0
-0.1014625503 12 3.570725341 0
-0.09652175084 12 3.570716637 0
-0.09158095142 12 3.570706511 0
-0.08664015199 12 3.570694963 0
-0.08169935256 12 3.57068199 0
-0.07675855313 12 3.570667601 0
-0.0718177537 12 3.570651794 0
-0.06687695427 12 3.570634576 0
-0.06193615484 12 3.570615941 0
-0.05699535541 12 3.570595891 0
-0.05205455599 12 3.570574424 0
-0.04711375656 12 3.57055154 0
-0.04217295713 12 3.570527239 0
-0.0372321577 12 3.57050151 0
-0.03229135827 12 3.570474358 0
-0.02735055884 12 3.570445769 0
-0.02240975941 12 3.570415743 0
-0.01746895998 12 3.570384273 0
-0.01252816056 12 3.570351353 0
-0.007587361127 12 3.570316967 0
0.007235037159 13 3.685116408 1
0.01217583659 13 3.685079515 1
0.01711663602 13 3.685041075 1
0.02205743545 13 3.685001083 1
0.02699823487 13 3.684959513 1
0.0319390343 13 3.684916364 1
0.03687983373 13 3.684871619 1
0.04182063316 13 3.68482526 1
0.04676143259 13 3.684777268 1
0.06158383088 12 3.569757 0
0.0665246303 12 3.569700063 0
0.07146542973 12 3.569641439 0
0.07640622916 12 3.569581098 0
0.08134702859 12 3.569519023 0
0.08628782802 12 3.569455191 0
0.09122862745 12 3.569389571 0
0.09616942688 12 3.569322141 0
0.1011102263 12 3.569252869 0
0.1060510257 12 3.569181727 0
0.1109918252 12 3.569108687 0
0.1159326246 12 3.569033712 0
0.120873424 12 3.568956772 0
0.1258142234 12 3.568877831 0
0.1307550229 12 3.568796858 0
0.1356958223 12 3.56871381 0
0.1406366217 12 3.568628653 0
0.1455774212 12 3.568541337 0
0.1505182206 12 3.568451832 0
0.15545902 12 3.568360086 0
0.1603998195 12 3.568266059 0
0.1653406189 12 3.568169697 0
0.1702814183 12 3.568070954 0
0.1752222177 12 3.56796978 0
0.1801630172 12 3.567866126 0
0.1851038166 12 3.56775992 0
0.190044616 12 3.567651122 0
0.1949854155 12 3.567539661 0
0.1999262149 12 3.567425486 0
0.2048670143 12 3.56730852 0
0.2098078137 12 3.567188694 0
0.2147486132 12 3.567065955 0
0.2196894126 12 3.566940216 0
0.224630212 12 3.566811404 0
0.2295710115 12 3.566679439 0
0.2345118109 12 3.566544242 0
0.2394526103 12 3.566405717 0
0.2443934097 12 3.566263789 0
0.2493342092 12 3.566118355 0
0.2542750086 12 3.565969328 0
0.259215808 12 3.565816593 0
0.2641566075 12 3.565660051 0
0.2690974069 12 3.565499594 0
0.2740382063 12 3.565335105 0
0.2789790057 12 3.565166467 0
0.2839198052 12 3.564993553 0
0.2888606046 12 3.564816235 0
0.293801404 12 3.564634376 0
0.2987422035 12 3.564447829 0
0.3036830029 12 3.564256449 0
0.3086238023 12 3.564060083 0
0.3135646017 12 3.56385857 0
0.3185054012 12 3.563651731 0
0.3234462006 12 3.563439397 0
0.328387 12 3.563221378 0
0.3333277995 12 3.562997483 0
0.3382685989 12 3.562767499 0
0.3432093983 12 3.562531211 0
0.3481501977 12 3.562288414 0
0.3530909972 12 3.562038846 0
0.3580317966 12 3.561782271 0
0.362972596 12 3.561518437 0
0.3679133955 12 3.561247054 0
0.3728541949 12 3.56096785 0
0.3777949943 12 3.560680512 0
0.3827357937 12 3.560384725 0
0.3876765932 12 3.560080143 0
0.3926173926 12 3.559766437 0
0.397558192 12 3.559443209 0
0.4024989915 12 3.559110077 0
0.4074397909 12 3.558766624 0
0.4123805903 12 3.55841241 0
0.4173213897 12 3.558046969 0
0.4222621892 12 3.557669816 0
0.4272029886 12 3.557280414 0
0.432143788 12 3.556878232 0
0.4370845875 12 3.556462671 0
0.4420253869 12 3.55603312 0
0.4469661863 12 3.555588912 0
0.4519069857 12 3.555129353 0
0.4568477852 12 3.554653676 0
0.4617885846 12 3.554161115 0
0.466729384 12 3.553650815 0
0.4716701835 12 3.553121853 0
0.4766109829 12 3.552573298 0
0.4815517823 12 3.552004082 0
0.4864925817 12 3.551413138 0
0.4914333812 12 3.550799245 0
0.4963741806 12 3.550161155 0
0.50131498 12 3.549497506 0
0.5062557795 12 3.548806831 0
0.5111965789 12 3.548087555 0
0.5161373783 12 3.547337968 0
0.5210781777 12 3.546556248 0
0.5260189772 12 3.54574042 0
0.5309597766 12 3.544888331 0
0.535900576 12 3.543997624 0
0.5408413755 12 3.543065836 0
0.5457821749 12 3.542090171 0
0.5507229743 12 3.541067676 0
0.5556637738 12 3.539995096 0
0.5606045732 12 3.538868821 0
0.5655453726 12 3.537685012 0
0.570486172 12 3.536439323 0
0.5754269715 12 3.535127094 0
0.5803677709 12 3.533743105 0
0.5853085703 12 3.532281648 0
0.5902493698 12 3.530736365 0
0.5951901692 12 3.529100209 0
0.6001309686 12 3.527365361 0
0.605071768 12 3.525523062 0
0.6100125675 12 3.523563474 0
0.6149533669 12 3.521475659 0
0.6198941663 12 3.519247148 0
0.6248349658 12 3.516863957 0
0.6297757652 12 3.514310179 0
0.6347165646 12 3.511567626 0
0.639657364 12 3.508615525 0
0.6445981635 12 3.505429953 0
0.6495389629 12 3.501983247 0
0.6544797623 12 3.498243334 0
0.6594205618 12 3.494172518 0
0.6643613612 12 3.489726575 0
0.6693021606 12 3.484852982 0
0.67424296 12 3.479489072 0
0.6791837595 12 3.473559249 0
0.6841245589 12 3.466971422 0
0.6890653583 12 3.459612602 0
0.6940061578 12 3.451341742 0
0.6989469572 12 3.441981296 0
0.7038877566 12 3.431303134 0
0.708828556 12 3.419009665 0
0.7137693555 12 3.404703826 0
0.7187101549 12 3.387842185 0
0.7236509543 12 3.367657181 0
0.7285917538 12 3.343022 0
0.7335325532 12 3.312197103 0
0.7384733526 12 3.272310231 0
0.743414152 12 3.218134749 0
0.7483549515 12 3.138602121 0
0.7532957509 12 3.002225668 0
0.7681181492 8 2.99558693 0
0.7730589486 8 2.995423066 0
0.777999748 8 2.995245693 0
0.7829405475 8 2.995053345 0
0.7878813469 8 2.994844371 0
0.7928221463 8 2.994616814 0
0.7977629458 8 2.994368511 0
0.8027037452 8 2.99409685 0
0.8076445446 8 2.99379893 0
0.812585344 8 2.99347123 0
0.8175261435 8 2.993109715 0
0.8224669429 8 2.992709561 0
0.8274077423 8 2.992265081 0
0.8323485418 8 2.99176947 0
0.8372893412 8 2.991214478 0
0.8422301406 8 2.990590166 0
0.84717094 8 2.98988438 0
0.8521117395 8 2.989082055 0
0.8570525389 8 2.988164438 0
0.8619933383 8 2.987107859 0
0.8669341378 8 2.98588215 0
0.8718749372 8 2.984448192 0
0.8768157366 8 2.982754543 0
0.881756536 8 2.980732515 0
0.8866973355 8 2.97828799 0
0.8916381349 8 2.975289471 0
0.8965789343 8 2.971547563 0
0.9015197338 8 2.966780211 0
0.9064605332 8 2.960549005 0
0.9114013326 8 2.952134155 0
0.9163421321 8 2.940265752 0
0.9212829315 8 2.922453734 0
0.9262237309 8 2.892940885 0
0.9311645303 8 2.833504383 0
0.9509277281 4 1.999357353 0
0.9558685275 4 1.999171782 0
0.9608093269 4 1.998876801 0
0.9657501263 4 1.998368033 0
0.9706909258 4 1.997377526 0
