ge cayley continuous
0 1.091089451 1.091089451
0.02 1.08452404 1.084524245
0.04 1.078791459 1.078792876
0.06 1.073889014 1.073893052
0.08 1.069815008 1.069822813
0.1 1.066568734 1.066580531
0.12 1.06415048 1.064164909
0.14 1.062561534 1.06257498
0.16 1.061804191 1.061810108
0.18 1.061881766 1.061869988
0.2 1.062798607 1.062754644
0.22 1.064560114 1.064464429
0.24 1.067172757 1.067000027
0.26 1.070644106 1.070362453
0.28 1.074982854 1.074553051
0.3 1.080198851 1.079573498
0.32 1.086303142 1.085425803
0.34 1.093308005 1.092112305
0.36 1.101226999 1.09963568
0.38 1.110075011 1.107998938
0.4 1.119868312 1.117205423
0.42 1.130624619 1.127258819
0.44 1.142363163 1.138163146
0.46 1.155104758 1.149922768
0.48 1.168871884 1.162542387
0.5 1.183688778 1.176027052
0.52 1.199581524 1.190382156
0.54 1.216578163 1.205613443
0.56 1.234708805 1.221727005
0.58 1.254005756 1.238729287
0.6 1.274503656 1.25662709
0.62 1.296239629 1.275427575
0.64 1.319253444 1.295138261
0.66 1.343587701 1.315767032
0.68 1.369288023 1.337322142
0.7 1.396403273 1.359812211
0.72 1.424985793 1.383246237
0.74 1.455091664 1.407633593
0.76 1.486780988 1.432984035
0.78 1.520118209 1.459307702
0.8 1.555172457 1.486615126
0.82 1.59201793 1.514917229
0.84 1.63073432 1.544225332
0.86 1.67140728 1.574551159
0.88 1.714128943 1.605906841
0.9 1.758998499 1.638304921
0.92 1.806122837 1.671758357
0.94 1.855617256 1.706280533
0.96 1.907606265 1.741885257
0.98 1.962224472 1.778586771
1 2.019617586 1.816399758
1.02 2.079943534 1.855339341
1.04 2.143373725 1.895421099
1.06 2.210094474 1.936661064
1.08 2.280308612 1.979075732
1.1 2.354237309 2.02268207
1.12 2.43212215 2.067497522
1.14 2.514227495 2.113540013
1.16 2.600843186 2.160827962
1.18 2.69228764 2.209380284
1.2 2.788911413 2.259216401
1.22 2.891101313 2.310356248
1.24 2.999285156 2.362820281
1.26 3.113937303 2.416629488
1.28 3.235585114 2.471805392
1.3 3.364816507 2.528370065
1.32 3.502288859 2.586346132
1.34 3.648739519 2.645756786
1.36 3.804998297 2.706625791
1.38 3.972002362 2.768977496
1.4 4.150814134 2.832836842
1.42 4.342642865 2.898229374
1.44 4.548870855 2.96518125
1.46 4.771085481 3.033719251
1.48 5.011118635 3.103870793
1.5 5.271095613 3.175663939
1.52 5.553496234 3.249127405
1.54 5.861231897 3.32429058
1.56 6.197743665 3.401183528
1.58 6.567128362 3.479837009
1.6 6.974302503 3.560282484
1.62 7.425217995 3.642552132
1.64 7.927149738 3.726678864
1.66 8.489084724 3.81269633
1.68 9.122257062 3.900638939
1.7 9.840897003 3.990541868
1.72 10.66330098 4.082441081
1.74 11.61339552 4.176373338
1.76 12.72308308 4.272376214
1.78 14.0358675 4.37048811
1.8 15.61265465 4.470748273
1.82 17.54142018 4.573196809
1.84 19.95412821 4.677874697
1.86 23.05815156 4.784823811
1.88 27.19911234 4.894086932
1.9 32.99913123 5.005707766
1.92 41.70245065 5.119730963
1.94 56.21230431 5.236202135
1.96 nan 5.35516787
1.98 nan 5.476675757
2 nan 5.600774401
2.02 nan 5.727513442
2.04 nan 5.856943579
2.06 -59.95369596 5.989116584
2.08 -45.44341499 6.12408533
2.1 -36.73954595 6.261903804
2.12 -30.93885497 6.402627137
2.14 -26.79709943 6.546311619
2.16 -23.6921584 6.693014727
2.18 -21.2784095 6.842795143
2.2 -19.34847959 6.995712782
2.22 -17.77040421 7.151828812
2.24 -16.45620731 7.311205683
2.26 -15.34498259 7.473907146
2.28 -14.39322576 7.639998286
2.3 -13.56903384 7.80954554
2.32 -12.84847977 7.98261673
2.34 -12.21326652 8.159281086
2.36 -11.64916322 8.339609277
2.38 -11.1449351 8.523673436
2.4 -10.69159446 8.711547191
2.42 -10.28186564 8.903305695
2.44 -9.90979596 9.099025653
2.46 -9.570468056 9.298785356
2.48 -9.259784232 9.50266471
2.5 -8.974302503 9.710745271
2.52 -8.711110501 9.923110272
2.54 -8.467727396 10.13984466
2.56 -8.242026832 10.36103514
2.58 -8.032175811 10.58677018
2.6 -7.836585798 10.81714009
2.62 -7.653873289 11.05223701
2.64 -7.482827778 11.29215498
2.66 -7.322385538 11.53698998
2.68 -7.17160804 11.78683995
2.7 -7.029664061 12.04180482
2.72 -6.895814786 12.30198658
2.74 -6.769401313 12.56748932
2.76 -6.649834143 12.83841924
2.78 -6.536584276 13.1148847
2.8 -6.429175653 13.39699631
2.82 -6.327178695 13.68486691
2.84 -6.230204769 13.97861165
2.86 -6.13790143 14.27834804
2.88 -6.049948304 14.58419597
2.9 -5.966053525 14.89627778
2.92 -5.885950638 15.21471832
2.94 -5.809395892 15.53964496
2.96 -5.736165874 15.87118769
2.98 -5.666055439 16.20947911
3 -5.598875875 16.55465455
3.02 -5.534453295 16.90685208
3.04 -5.472627214 17.2662126
3.06 -5.413249278 17.63287985
3.08 -5.356182145 18.00700049
3.1 -5.301298483 18.38872419
3.12 -5.248480072 18.77820364
3.14 -5.197617011 19.17559463
3.16 -5.148606993 19.58105613
3.18 -5.101354667 19.99475033
3.2 -5.055771057 20.41684271
3.22 -5.011773034 20.84750211
3.24 -4.969282851 21.2869008
3.26 -4.928227714 21.73521455
3.28 -4.888539389 22.19262269
3.3 -4.850153859 22.65930818
3.32 -4.813010999 23.13545772
3.34 -4.777054288 23.62126176
3.36 -4.742230542 24.11691463
3.38 -4.708489673 24.62261461
3.4 -4.675784467 25.13856397
3.42 -4.644070381 25.6649691
3.44 -4.613305359 26.20204058
3.46 -4.583449661 26.74999324
3.48 -4.554465704 27.30904626
3.5 -4.52631792 27.87942328
3.52 -4.498972625 28.46135246
3.54 -4.472397891 29.05506657
3.56 -4.446563441 29.66080311
3.58 -4.421440536 30.27880437
3.6 -4.397001886 30.90931758
3.62 -4.373221555 31.55259493
3.64 -4.350074882 32.20889376
3.66 -4.327538401 32.87847659
3.68 -4.305589772 33.56161127
3.7 -4.284207714 34.25857104
3.72 -4.263371944 34.96963472
3.74 -4.243063117 35.69508673
3.76 -4.223262776 36.43521726
3.78 -4.203953299 37.19032238
3.8 -4.185117853 37.96070414
3.82 -4.166740355 38.7466707
3.84 -4.148805422 39.54853646
3.86 -4.131298344 40.36662217
3.88 -4.114205039 41.20125508
3.9 -4.097512026 42.05276906
3.92 -4.081206391 42.92150472
3.94 -4.065275755 43.80780957
3.96 -4.049708253 44.71203814
3.98 -4.034492504 45.63455213
4 -4.019617586 46.57572057
4.02 -4.005073015 47.53591992
4.04 -3.990848723 48.5155343
4.06 -3.976935037 49.51495554
4.08 -3.963322661 50.53458345
4.1 -3.950002657 51.57482587
4.12 -3.93696643 52.63609893
4.14 -3.92420571 53.71882713
4.16 -3.911712535 54.8234436
4.18 -3.899479241 55.9503902
4.2 -3.887498448 57.1001177
4.22 -3.875763043 58.27308603
4.24 -3.864266173 59.46976439
4.26 -3.853001228 60.69063145
4.28 -3.841961836 61.93617559
4.3 -3.831141851 63.20689504
4.32 -3.820535339 64.50329811
4.34 -3.810136574 65.82590336
4.36 -3.799940027 67.17523987
4.38 -3.789940358 68.55184739
4.4 -3.780132408 69.95627657
4.42 -3.770511192 71.38908921
4.44 -3.761071889 72.85085844
4.46 -3.751809841 74.34216901
4.48 -3.742720541 75.86361745
4.5 -3.733799628 77.41581236
4.52 -3.725042884 78.99937464
4.54 -3.716446225 80.61493774
4.56 -3.708005699 82.2631479
4.58 -3.699717477 83.94466443
4.6 -3.69157785 85.66015996
4.62 -3.683583226 87.41032071
4.64 -3.675730124 89.19584676
4.66 -3.668015169 91.01745236
4.68 -3.66043509 92.87586616
4.7 -3.652986713 94.77183156
4.72 -3.645666962 96.70610698
4.74 -3.638472852 98.67946613
4.76 -3.631401485 100.6926984
4.78 -3.62445005 102.7466091
4.8 -3.617615818 104.8420198
4.82 -3.610896138 106.9797688
4.84 -3.604288438 109.1607111
4.86 -3.597790217 111.3857192
4.88 -3.591399047 113.655683
4.9 -3.585112568 115.9715106
4.92 -3.578928486 118.3341285
4.94 -3.572844572 120.7444815
4.96 -3.566858659 123.203534
4.98 -3.560968637 125.7122695
5 -3.555172457 128.2716916
5.02 -3.549468125 130.8828242
5.04 -3.5438537 133.5467116
5.06 -3.538327294 136.2644195
5.08 -3.532887068 139.037035
5.1 -3.527531235 141.8656672
5.12 -3.522258053 144.7514475
5.14 -3.517065824 147.6955304
5.16 -3.511952898 150.6990935
5.18 -3.506917665 153.7633382
5.2 -3.501958558 156.8894903
5.22 -3.497074049 160.0788003
5.24 -3.492262651 163.332544
5.26 -3.487522911 166.6520229
5.28 -3.482853416 170.0385649
5.3 -3.478252788 173.4935245
5.32 -3.47371968 177.0182839
5.34 -3.469252784 180.614253
5.36 -3.464850818 184.2828702
5.38 -3.460512537 188.025603
5.4 -3.456236722 191.8439486
5.42 -3.452022185 195.7394344
5.44 -3.447867769 199.7136185
5.46 -3.44377234 203.7680907
5.48 -3.439734795 207.904473
5.5 -3.435754056 212.1244197
5.52 -3.431829069 216.4296192
5.54 -3.427958807 220.8217933
5.56 -3.424142265 225.3026991
5.58 -3.420378462 229.8741291
5.6 -3.41666644 234.5379117
5.62 -3.413005264 239.2959127
5.64 -3.409394017 244.1500352
5.66 -3.405831806 249.102221
5.68 -3.402317757 254.154451
5.7 -3.398851016 259.3087462
5.72 -3.395430747 264.5671684
5.74 -3.392056136 269.931821
5.76 -3.388726382 275.40485
5.78 -3.385440705 280.9884445
5.8 -3.382198342 286.6848382
5.82 -3.378998546 292.4963097
5.84 -3.375840585 298.4251836
5.86 -3.372723746 304.4738316
5.88 -3.369647328 310.6446731
5.9 -3.366610648 316.9401767
5.92 -3.363613035 323.3628607
5.94 -3.360653833 329.915294
5.96 -3.357732401 336.6000979
5.98 -3.35484811 343.4199464
6 -3.352000346 350.3775674
